A = [1 1 1; 1 1 1; 1 1 1; 1 1 1; 1 1 1; 1 1 1; 1 1 1]
B = [0 0 0; 1 1 1; 1 1 1; 1 1 1; 1 1 1; 1 1 1; 0 0 0]
C = [0 1 0; 0 1 0; 0 1 0; 0 1 0; 0 1 0; 0 1 0; 0 1 0]
D = [0 0 0; 0 0 0; 1 1 1; 1 1 1; 1 1 1; 0 0 0; 0 0 0]
E = [0 0 0; 0 1 0; 0 1 0; 0 1 0; 0 1 0; 0 1 0; 0 0 0]
F = [0 0 0; 0 0 0; 0 1 0; 0 1 0; 0 1 0;0 0 0;0 0 0]
A+B+C+D+E+F
