NaCl0.05 = 0.9541;
NaCl0.1 = 0.9113;
NaCl0.3 = 0.7666;
CH3COONa = 0.9363;
CH3COONa3H2O = 0.9629;
Na2SO410H2O = 0.9730;
Na2B4O710H2O = 0.9767;

