bestChromosome = [1;2;3;1;3;2;1;3;1;2;3;1;4;1;6;1;4;1;6;1;1;2;3;1;1;2;3;1;3;3;6;2;1;1;2;5;1;1;2;5;3;2;1;3;1;1;2;5;1;1;2;5;1;1;2;5;4;1;6;1;3;2;1;3;1;2;3;1;1;2;3;1;1;1;2;5;4;1;6;1;1;2;3;1;4;1;6;1;4;1;6;1;3;2;1;3;1;1;2;5;4;1;6;1;4;1;6;1;3;2;1;3;1;2;3;1;4;1;6;1;1;2;3;1;3;3;6;2;1;1;2;5;4;1;6;1;3;2;1;3;1;2;3;1;1;2;3;1;1;2;3;1;1;2;3;1;1;2;3;1];
